/*   rabindra.txt file      */

575 1200 767 600 683 600 767 600 767 600 767 600 767 600 683 600
767 600 683 600 767 600 683 600 642 600 642 600 683 600 575 1200 
642 600 642 600 683 600 683 600 767 600 767 600 642 1200 575 600 
575 600 512 1800 767 1200 862 600 767 600 862 1200 862 1200 575 
1200 642 600 642 600 683 1200 767 1200 642 600 683 600 575 600 575
600 512 1800 767 600 767 600 862 600 1024 600 1024 600 1024 600 1024 1200 1024 600 964 600 862 600 767 600 862 600 1024 600 1024 1200
1024 600 1149 600 1149 600 1149 600 1024 600 1149 600 1024 600
1149 600 1024 600 1149 600 1290 600 1149 600 1024 600 964 600 862
600 767 600 767 1200 862 600 767 600 862 1200 862 1200
575 1200 642 600 642 600 683 1200 767 1200 642 600 683 600 575 600
575 600 512 1800 767 600 767 600 862 600 1024 600 1024 600 1024 600 1024 600 1024 600 1024 600 964 600 862 600 767 600 862 600 1024 600 1024 1200 1024 600 1024 600 1149 600 1149 600 1024 600 1149 600 1024 600 1149 600 1024 600 1149 600 1290 600 1149 600 1024 600 964 600
862 600 767 600  767 600 767 600 862 600 767 600 862 600 862 600 862 1200  575 600 757 600 642 600 642 600 683 600 683 600 767 600 767 600 642  600 642 600 642 600 683 600 575 600 575 600 512 1200
